 0.50000000E+00; 0.13894508E+01
 0.10000000E+01; 0.15573708E+01
 0.15000000E+01; 0.16071213E+01
 0.20000000E+01; 0.16209179E+01
 0.25000000E+01; 0.16062645E+01
 0.30000000E+01; 0.15832900E+01
 0.35000000E+01; 0.15459083E+01
 0.40000000E+01; 0.15059053E+01
 0.45000000E+01; 0.14672126E+01
 0.50000000E+01; 0.14157772E+01
 0.55000000E+01; 0.13731259E+01
 0.60000000E+01; 0.13284178E+01
 0.65000000E+01; 0.12688473E+01
 0.70000000E+01; 0.12238424E+01
 0.75000000E+01; 0.11744639E+01
 0.80000000E+01; 0.11208774E+01
 0.85000000E+01; 0.10727925E+01
 0.90000000E+01; 0.10260586E+01
 0.95000000E+01; 0.97815841E+00
 0.10000000E+02; 0.92787617E+00
 0.10500000E+02; 0.88772178E+00
 0.11000000E+02; 0.84200364E+00
 0.11500000E+02; 0.79060382E+00
 0.12000000E+02; 0.75058311E+00
 0.12500000E+02; 0.70815533E+00
 0.13000000E+02; 0.66776288E+00
 0.13500000E+02; 0.63130277E+00
 0.14000000E+02; 0.59272456E+00
 0.14500000E+02; 0.56123507E+00
 0.15000000E+02; 0.52405381E+00
 0.15500000E+02; 0.48969465E+00
 0.16000000E+02; 0.46282142E+00
 0.16500000E+02; 0.43296722E+00
 0.17000000E+02; 0.40131396E+00
 0.17500000E+02; 0.37570736E+00
 0.18000000E+02; 0.35169402E+00
 0.18500000E+02; 0.32616398E+00
 0.19000000E+02; 0.30283347E+00
 0.19500000E+02; 0.28331691E+00
 0.20000000E+02; 0.26348984E+00
 0.20500000E+02; 0.24494159E+00
 0.21000000E+02; 0.22838400E+00
 0.21500000E+02; 0.21082281E+00
 0.22000000E+02; 0.19054739E+00
 0.22500000E+02; 0.17806420E+00
 0.23000000E+02; 0.16451134E+00
 0.23500000E+02; 0.15306318E+00
 0.24000000E+02; 0.13829622E+00
 0.24500000E+02; 0.12752078E+00
 0.25000000E+02; 0.11963040E+00
 0.25500000E+02; 0.11073318E+00
 0.26000000E+02; 0.10432538E+00
 0.26500000E+02; 0.10098567E+00
 0.27000000E+02; 0.98543875E-01
 0.27500000E+02; 0.10156658E+00
 0.28000000E+02; 0.10754076E+00
 0.28500000E+02; 0.11928727E+00
 0.29000000E+02; 0.12968923E+00
 0.29500000E+02; 0.15279518E+00
 0.30000000E+02; 0.17812181E+00
 0.30500000E+02; 0.20878984E+00
 0.31000000E+02; 0.24211977E+00
 0.31500000E+02; 0.28592622E+00
 0.32000000E+02; 0.32559437E+00
 0.32500000E+02; 0.37760097E+00
 0.33000000E+02; 0.42803207E+00
 0.33500000E+02; 0.48051143E+00
 0.34000000E+02; 0.53728497E+00
 0.34500000E+02; 0.59317899E+00
 0.35000000E+02; 0.65255672E+00
 0.35500000E+02; 0.71401983E+00
 0.36000000E+02; 0.77362591E+00
 0.36500000E+02; 0.83023429E+00
 0.37000000E+02; 0.89672619E+00
 0.37500000E+02; 0.95960301E+00
 0.38000000E+02; 0.10263679E+01
 0.38500000E+02; 0.10914760E+01
 0.39000000E+02; 0.11494910E+01
 0.39500000E+02; 0.12249300E+01
 0.40000000E+02; 0.12910825E+01
 0.40500000E+02; 0.13593665E+01
 0.41000000E+02; 0.14347686E+01
 0.41500000E+02; 0.14975939E+01
 0.42000000E+02; 0.15647707E+01
 0.42500000E+02; 0.16370848E+01
 0.43000000E+02; 0.16895204E+01
 0.43500000E+02; 0.17544340E+01
 0.44000000E+02; 0.17935330E+01
 0.44500000E+02; 0.18330637E+01
 0.45000000E+02; 0.18590385E+01
 0.45500000E+02; 0.18536431E+01
 0.46000000E+02; 0.18510172E+01
 0.46500000E+02; 0.18276929E+01
 0.47000000E+02; 0.17691944E+01
 0.47500000E+02; 0.17080190E+01
 0.48000000E+02; 0.16142389E+01
 0.48500000E+02; 0.15082780E+01
 0.49000000E+02; 0.13920099E+01
 0.49500000E+02; 0.12603103E+01
 0.50000000E+02; 0.11247665E+01
 0.50500000E+02; 0.98577732E+00
 0.51000000E+02; 0.84960777E+00
 0.51500000E+02; 0.72211295E+00
 0.52000000E+02; 0.60758442E+00
 0.52500000E+02; 0.49868912E+00
 0.53000000E+02; 0.40603921E+00
 0.53500000E+02; 0.32521302E+00
 0.54000000E+02; 0.25187609E+00
 0.54500000E+02; 0.19932094E+00
 0.55000000E+02; 0.15529893E+00
 0.55500000E+02; 0.12055355E+00
 0.56000000E+02; 0.93672387E-01
 0.56500000E+02; 0.74876323E-01
 0.57000000E+02; 0.59482545E-01
 0.57500000E+02; 0.48913401E-01
 0.58000000E+02; 0.40453330E-01
 0.58500000E+02; 0.33783469E-01
 0.59000000E+02; 0.29688943E-01
 0.59500000E+02; 0.26160279E-01
 0.60000000E+02; 0.22579694E-01
 0.60500000E+02; 0.20673307E-01
 0.61000000E+02; 0.18362796E-01
 0.61500000E+02; 0.16952109E-01
 0.62000000E+02; 0.14530208E-01
 0.62500000E+02; 0.14097895E-01
 0.63000000E+02; 0.12453631E-01
 0.63500000E+02; 0.11690490E-01
 0.64000000E+02; 0.99751111E-02
 0.64500000E+02; 0.82060462E-02
 0.65000000E+02; 0.75285151E-02
 0.65500000E+02; 0.61882013E-02
 0.66000000E+02; 0.61567752E-02
 0.66500000E+02; 0.48679491E-02
 0.67000000E+02; 0.45383582E-02
 0.67500000E+02; 0.41586901E-02
 0.68000000E+02; 0.34530347E-02
 0.68500000E+02; 0.29876216E-02
 0.69000000E+02; 0.25279447E-02
 0.69500000E+02; 0.20414782E-02
 0.70000000E+02; 0.18583759E-02
 0.70500000E+02; 0.17878471E-02
 0.71000000E+02; 0.15839834E-02
 0.71500000E+02; 0.12201434E-02
 0.72000000E+02; 0.11847131E-02
 0.72500000E+02; 0.10041234E-02
 0.73000000E+02; 0.69936068E-03
 0.73500000E+02; 0.73458534E-03
 0.74000000E+02; 0.65522245E-03
 0.74500000E+02; 0.48833084E-03
 0.75000000E+02; 0.58254797E-03
 0.75500000E+02; 0.48195981E-03
 0.76000000E+02; 0.40487191E-03
 0.76500000E+02; 0.42192321E-03
 0.77000000E+02; 0.39364709E-03
 0.77500000E+02; 0.24595833E-03
 0.78000000E+02; 0.29533895E-03
 0.78500000E+02; 0.18224918E-03
 0.79000000E+02; 0.16768606E-03
 0.79500000E+02; 0.16413923E-03
 0.80000000E+02; 0.15828670E-03
 0.80500000E+02; 0.12685639E-03
 0.81000000E+02; 0.71577590E-04
 0.81500000E+02; 0.76423406E-04
 0.82000000E+02; 0.10358575E-03
 0.82500000E+02; 0.81324361E-04
 0.83000000E+02; 0.98793964E-04
 0.83500000E+02; 0.10025021E-03
 0.84000000E+02; 0.63448955E-04
 0.84500000E+02; 0.11722831E-04
 0.85000000E+02; 0.47342903E-04
 0.85500000E+02; 0.55991553E-04
 0.86000000E+02; 0.20498028E-04
 0.86500000E+02; 0.81054532E-05
 0.87000000E+02; 0.22778593E-04
 0.87500000E+02; 0.84965768E-05
 0.88000000E+02; 0.00000000E+00
 0.88500000E+02; 0.00000000E+00
 0.89000000E+02; 0.58523046E-05
 0.89500000E+02; 0.19235508E-05
 0.90000000E+02; 0.00000000E+00
 0.90500000E+02; 0.00000000E+00
 0.91000000E+02; 0.95161477E-05
 0.91500000E+02; 0.00000000E+00
 0.92000000E+02; 0.00000000E+00
 0.92500000E+02; 0.00000000E+00
 0.93000000E+02; 0.00000000E+00
 0.93500000E+02; 0.00000000E+00
 0.94000000E+02; 0.00000000E+00
 0.94500000E+02; 0.12443502E-04
 0.95000000E+02; 0.00000000E+00
 0.95500000E+02; 0.00000000E+00
 0.96000000E+02; 0.00000000E+00
 0.96500000E+02; 0.00000000E+00
 0.97000000E+02; 0.00000000E+00
 0.97500000E+02; 0.00000000E+00
 0.98000000E+02; 0.00000000E+00
 0.98500000E+02; 0.00000000E+00
 0.99000000E+02; 0.00000000E+00
 0.99500000E+02; 0.00000000E+00
 0.10000000E+03; 0.00000000E+00
 0.10050000E+03; 0.00000000E+00
 0.10100000E+03; 0.00000000E+00
 0.10150000E+03; 0.00000000E+00
 0.10200000E+03; 0.00000000E+00
 0.10250000E+03; 0.00000000E+00
 0.10300000E+03; 0.00000000E+00
 0.10350000E+03; 0.00000000E+00
 0.10400000E+03; 0.00000000E+00
 0.10450000E+03; 0.00000000E+00
 0.10500000E+03; 0.00000000E+00
 0.10550000E+03; 0.00000000E+00
 0.10600000E+03; 0.00000000E+00
 0.10650000E+03; 0.00000000E+00
 0.10700000E+03; 0.00000000E+00
 0.10750000E+03; 0.00000000E+00
 0.10800000E+03; 0.00000000E+00
 0.10850000E+03; 0.00000000E+00
 0.10900000E+03; 0.83671566E-05
 0.10950000E+03; 0.73757233E-05
 0.11000000E+03; 0.20438940E-04
 0.11050000E+03; 0.24547406E-04
 0.11100000E+03; 0.58233098E-04
 0.11150000E+03; 0.10056823E-03
 0.11200000E+03; 0.10038169E-03
 0.11250000E+03; 0.24473792E-03
 0.11300000E+03; 0.40574625E-03
 0.11350000E+03; 0.74954564E-03
 0.11400000E+03; 0.10886554E-02
 0.11450000E+03; 0.16977737E-02
 0.11500000E+03; 0.27906864E-02
 0.11550000E+03; 0.44682515E-02
 0.11600000E+03; 0.62280288E-02
 0.11650000E+03; 0.99270511E-02
 0.11700000E+03; 0.14903192E-01
 0.11750000E+03; 0.21966362E-01
 0.11800000E+03; 0.32163348E-01
 0.11850000E+03; 0.47466602E-01
 0.11900000E+03; 0.67572162E-01
 0.11950000E+03; 0.97100049E-01
 0.12000000E+03; 0.13977802E+00
 0.12050000E+03; 0.19440265E+00
 0.12100000E+03; 0.27489251E+00
 0.12150000E+03; 0.37835011E+00
 0.12200000E+03; 0.52252221E+00
 0.12250000E+03; 0.70823646E+00
 0.12300000E+03; 0.95491505E+00
 0.12350000E+03; 0.12778646E+01
 0.12400000E+03; 0.16998749E+01
 0.12450000E+03; 0.22355964E+01
 0.12500000E+03; 0.29150784E+01
 0.12550000E+03; 0.37626791E+01
 0.12600000E+03; 0.48222656E+01
 0.12650000E+03; 0.61316276E+01
 0.12700000E+03; 0.77154899E+01
 0.12750000E+03; 0.96288805E+01
 0.12800000E+03; 0.11894115E+02
 0.12850000E+03; 0.14615583E+02
 0.12900000E+03; 0.17791098E+02
 0.12950000E+03; 0.21410295E+02
 0.13000000E+03; 0.25518820E+02
 0.13050000E+03; 0.30209782E+02
 0.13100000E+03; 0.35426517E+02
 0.13150000E+03; 0.41236572E+02
 0.13200000E+03; 0.47468945E+02
 0.13250000E+03; 0.54278404E+02
 0.13300000E+03; 0.61463783E+02
 0.13350000E+03; 0.69279152E+02
 0.13400000E+03; 0.77449257E+02
 0.13450000E+03; 0.85784996E+02
 0.13500000E+03; 0.94157722E+02
 0.13550000E+03; 0.10241361E+03
 0.13600000E+03; 0.11038761E+03
 0.13650000E+03; 0.11794876E+03
 0.13700000E+03; 0.12489178E+03
 0.13750000E+03; 0.13149789E+03
 0.13800000E+03; 0.13724524E+03
 0.13850000E+03; 0.14189038E+03
 0.13900000E+03; 0.14536429E+03
 0.13950000E+03; 0.14758179E+03
 0.14000000E+03; 0.14823956E+03
 0.14050000E+03; 0.14758459E+03
 0.14100000E+03; 0.14545221E+03
 0.14150000E+03; 0.14198642E+03
 0.14200000E+03; 0.13740421E+03
 0.14250000E+03; 0.13135951E+03
 0.14300000E+03; 0.12493459E+03
 0.14350000E+03; 0.11800515E+03
 0.14400000E+03; 0.11045130E+03
 0.14450000E+03; 0.10241069E+03
 0.14500000E+03; 0.94164955E+02
 0.14550000E+03; 0.85719788E+02
 0.14600000E+03; 0.77452293E+02
 0.14650000E+03; 0.69288773E+02
 0.14700000E+03; 0.61461773E+02
 0.14750000E+03; 0.54278358E+02
 0.14800000E+03; 0.47466003E+02
 0.14850000E+03; 0.41164738E+02
 0.14900000E+03; 0.35471081E+02
 0.14950000E+03; 0.30267925E+02
 0.15000000E+03; 0.25561272E+02
 0.15050000E+03; 0.21397287E+02
 0.15100000E+03; 0.17768280E+02
 0.15150000E+03; 0.14644748E+02
 0.15200000E+03; 0.11919766E+02
 0.15250000E+03; 0.96240444E+01
 0.15300000E+03; 0.76983957E+01
 0.15350000E+03; 0.61244297E+01
 0.15400000E+03; 0.48127632E+01
 0.15450000E+03; 0.37713854E+01
 0.15500000E+03; 0.29190454E+01
 0.15550000E+03; 0.22443137E+01
 0.15600000E+03; 0.16954294E+01
 0.15650000E+03; 0.12831746E+01
 0.15700000E+03; 0.95969754E+00
 0.15750000E+03; 0.70893258E+00
 0.15800000E+03; 0.51802963E+00
 0.15850000E+03; 0.38199493E+00
 0.15900000E+03; 0.27434272E+00
 0.15950000E+03; 0.19464274E+00
 0.16000000E+03; 0.13751186E+00
 0.16050000E+03; 0.96546538E-01
 0.16100000E+03; 0.67518994E-01
 0.16150000E+03; 0.46923663E-01
 0.16200000E+03; 0.31293668E-01
 0.16250000E+03; 0.22206400E-01
 0.16300000E+03; 0.14725109E-01
 0.16350000E+03; 0.10174952E-01
 0.16400000E+03; 0.67253383E-02
 0.16450000E+03; 0.44040000E-02
 0.16500000E+03; 0.28393019E-02
 0.16550000E+03; 0.18268569E-02
 0.16600000E+03; 0.11380571E-02
 0.16650000E+03; 0.77690295E-03
 0.16700000E+03; 0.41306904E-03
 0.16750000E+03; 0.30483873E-03
 0.16800000E+03; 0.19474473E-03
 0.16850000E+03; 0.42684766E-04
 0.16900000E+03; 0.20323845E-04
 0.16950000E+03; 0.36071258E-04
 0.17000000E+03; 0.17472423E-04
 0.17050000E+03; 0.91184902E-05
 0.17100000E+03; 0.00000000E+00
 0.17150000E+03; 0.00000000E+00
 0.17200000E+03; 0.00000000E+00
 0.17250000E+03; 0.00000000E+00
 0.17300000E+03; 0.11649141E-04
 0.17350000E+03; 0.10214636E-04
 0.17400000E+03; 0.00000000E+00
 0.17450000E+03; 0.00000000E+00
 0.17500000E+03; 0.00000000E+00
 0.17550000E+03; 0.00000000E+00
 0.17600000E+03; 0.00000000E+00
 0.17650000E+03; 0.00000000E+00
 0.17700000E+03; 0.00000000E+00
 0.17750000E+03; 0.00000000E+00
 0.17800000E+03; 0.00000000E+00
 0.17850000E+03; 0.00000000E+00
 0.17900000E+03; 0.00000000E+00
 0.17950000E+03; 0.00000000E+00
 0.18000000E+03; 0.00000000E+00
 0.18050000E+03; 0.00000000E+00
 0.18100000E+03; 0.00000000E+00
 0.18150000E+03; 0.00000000E+00
 0.18200000E+03; 0.00000000E+00
 0.18250000E+03; 0.00000000E+00
 0.18300000E+03; 0.00000000E+00
 0.18350000E+03; 0.00000000E+00
 0.18400000E+03; 0.00000000E+00
 0.18450000E+03; 0.00000000E+00
 0.18500000E+03; 0.00000000E+00
 0.18550000E+03; 0.00000000E+00
 0.18600000E+03; 0.00000000E+00
 0.18650000E+03; 0.00000000E+00
 0.18700000E+03; 0.00000000E+00
 0.18750000E+03; 0.00000000E+00
 0.18800000E+03; 0.00000000E+00
 0.18850000E+03; 0.00000000E+00
 0.18900000E+03; 0.00000000E+00
 0.18950000E+03; 0.00000000E+00
 0.19000000E+03; 0.00000000E+00
 0.19050000E+03; 0.00000000E+00
 0.19100000E+03; 0.00000000E+00
 0.19150000E+03; 0.00000000E+00
 0.19200000E+03; 0.00000000E+00
 0.19250000E+03; 0.00000000E+00
 0.19300000E+03; 0.00000000E+00
 0.19350000E+03; 0.00000000E+00
 0.19400000E+03; 0.00000000E+00
 0.19450000E+03; 0.00000000E+00
 0.19500000E+03; 0.00000000E+00
 0.19550000E+03; 0.00000000E+00
 0.19600000E+03; 0.00000000E+00
 0.19650000E+03; 0.00000000E+00
 0.19700000E+03; 0.00000000E+00
 0.19750000E+03; 0.00000000E+00
 0.19800000E+03; 0.00000000E+00
 0.19850000E+03; 0.00000000E+00
 0.19900000E+03; 0.00000000E+00
 0.19950000E+03; 0.00000000E+00
 0.20000000E+03; 0.00000000E+00
 0.20050000E+03; 0.00000000E+00
 0.20100000E+03; 0.00000000E+00
 0.20150000E+03; 0.00000000E+00
 0.20200000E+03; 0.00000000E+00
 0.20250000E+03; 0.00000000E+00
 0.20300000E+03; 0.00000000E+00
 0.20350000E+03; 0.00000000E+00
 0.20400000E+03; 0.00000000E+00
 0.20450000E+03; 0.00000000E+00
 0.20500000E+03; 0.00000000E+00
 0.20550000E+03; 0.00000000E+00
 0.20600000E+03; 0.00000000E+00
 0.20650000E+03; 0.00000000E+00
 0.20700000E+03; 0.00000000E+00
 0.20750000E+03; 0.00000000E+00
 0.20800000E+03; 0.00000000E+00
 0.20850000E+03; 0.00000000E+00
 0.20900000E+03; 0.00000000E+00
 0.20950000E+03; 0.00000000E+00
 0.21000000E+03; 0.00000000E+00
 0.21050000E+03; 0.00000000E+00
 0.21100000E+03; 0.00000000E+00
 0.21150000E+03; 0.00000000E+00
 0.21200000E+03; 0.00000000E+00
 0.21250000E+03; 0.00000000E+00
 0.21300000E+03; 0.00000000E+00
 0.21350000E+03; 0.00000000E+00
 0.21400000E+03; 0.00000000E+00
 0.21450000E+03; 0.00000000E+00
 0.21500000E+03; 0.00000000E+00
 0.21550000E+03; 0.00000000E+00
 0.21600000E+03; 0.00000000E+00
 0.21650000E+03; 0.00000000E+00
 0.21700000E+03; 0.00000000E+00
 0.21750000E+03; 0.00000000E+00
 0.21800000E+03; 0.00000000E+00
 0.21850000E+03; 0.00000000E+00
 0.21900000E+03; 0.00000000E+00
 0.21950000E+03; 0.00000000E+00
 0.22000000E+03; 0.00000000E+00
 0.22050000E+03; 0.00000000E+00
 0.22100000E+03; 0.00000000E+00
 0.22150000E+03; 0.00000000E+00
 0.22200000E+03; 0.00000000E+00
 0.22250000E+03; 0.00000000E+00
 0.22300000E+03; 0.00000000E+00
 0.22350000E+03; 0.00000000E+00
 0.22400000E+03; 0.00000000E+00
 0.22450000E+03; 0.00000000E+00
 0.22500000E+03; 0.00000000E+00
 0.22550000E+03; 0.00000000E+00
 0.22600000E+03; 0.00000000E+00
 0.22650000E+03; 0.00000000E+00
 0.22700000E+03; 0.00000000E+00
 0.22750000E+03; 0.00000000E+00
 0.22800000E+03; 0.00000000E+00
 0.22850000E+03; 0.00000000E+00
 0.22900000E+03; 0.00000000E+00
 0.22950000E+03; 0.00000000E+00
 0.23000000E+03; 0.00000000E+00
 0.23050000E+03; 0.00000000E+00
 0.23100000E+03; 0.00000000E+00
 0.23150000E+03; 0.00000000E+00
 0.23200000E+03; 0.00000000E+00
 0.23250000E+03; 0.00000000E+00
 0.23300000E+03; 0.00000000E+00
 0.23350000E+03; 0.00000000E+00
 0.23400000E+03; 0.00000000E+00
 0.23450000E+03; 0.00000000E+00
 0.23500000E+03; 0.00000000E+00
 0.23550000E+03; 0.00000000E+00
 0.23600000E+03; 0.00000000E+00
 0.23650000E+03; 0.00000000E+00
 0.23700000E+03; 0.00000000E+00
 0.23750000E+03; 0.00000000E+00
 0.23800000E+03; 0.00000000E+00
 0.23850000E+03; 0.00000000E+00
 0.23900000E+03; 0.00000000E+00
 0.23950000E+03; 0.00000000E+00
 0.24000000E+03; 0.00000000E+00
 0.24050000E+03; 0.00000000E+00
 0.24100000E+03; 0.00000000E+00
 0.24150000E+03; 0.00000000E+00
 0.24200000E+03; 0.00000000E+00
 0.24250000E+03; 0.00000000E+00
 0.24300000E+03; 0.00000000E+00
 0.24350000E+03; 0.00000000E+00
 0.24400000E+03; 0.00000000E+00
 0.24450000E+03; 0.00000000E+00
 0.24500000E+03; 0.00000000E+00
 0.24550000E+03; 0.00000000E+00
 0.24600000E+03; 0.00000000E+00
 0.24650000E+03; 0.00000000E+00
 0.24700000E+03; 0.00000000E+00
 0.24750000E+03; 0.00000000E+00
 0.24800000E+03; 0.00000000E+00
 0.24850000E+03; 0.00000000E+00
 0.24900000E+03; 0.00000000E+00
 0.24950000E+03; 0.00000000E+00
 0.25000000E+03; 0.00000000E+00
 0.25050000E+03; 0.00000000E+00
 0.25100000E+03; 0.00000000E+00
 0.25150000E+03; 0.00000000E+00
 0.25200000E+03; 0.00000000E+00
 0.25250000E+03; 0.00000000E+00
 0.25300000E+03; 0.00000000E+00
 0.25350000E+03; 0.00000000E+00
 0.25400000E+03; 0.00000000E+00
 0.25450000E+03; 0.00000000E+00
 0.25500000E+03; 0.00000000E+00
 0.25550000E+03; 0.00000000E+00
 0.25600000E+03; 0.00000000E+00
