 0.50000000E+00; 0.51360971E+00
 0.10000000E+01; 0.57072800E+00
 0.15000000E+01; 0.58587974E+00
 0.20000000E+01; 0.58669710E+00
 0.25000000E+01; 0.58131188E+00
 0.30000000E+01; 0.56727320E+00
 0.35000000E+01; 0.54868972E+00
 0.40000000E+01; 0.53338623E+00
 0.45000000E+01; 0.51731986E+00
 0.50000000E+01; 0.50127929E+00
 0.55000000E+01; 0.47994414E+00
 0.60000000E+01; 0.46067798E+00
 0.65000000E+01; 0.44042280E+00
 0.70000000E+01; 0.42291448E+00
 0.75000000E+01; 0.40343082E+00
 0.80000000E+01; 0.38686848E+00
 0.85000000E+01; 0.37242359E+00
 0.90000000E+01; 0.35648504E+00
 0.95000000E+01; 0.34560594E+00
 0.10000000E+02; 0.33208710E+00
 0.10500000E+02; 0.32217741E+00
 0.11000000E+02; 0.31360024E+00
 0.11500000E+02; 0.30443367E+00
 0.12000000E+02; 0.29522184E+00
 0.12500000E+02; 0.29021552E+00
 0.13000000E+02; 0.28076294E+00
 0.13500000E+02; 0.27658743E+00
 0.14000000E+02; 0.27054662E+00
 0.14500000E+02; 0.26731279E+00
 0.15000000E+02; 0.26499200E+00
 0.15500000E+02; 0.25993428E+00
 0.16000000E+02; 0.25713682E+00
 0.16500000E+02; 0.25588906E+00
 0.17000000E+02; 0.25384271E+00
 0.17500000E+02; 0.25326857E+00
 0.18000000E+02; 0.25342983E+00
 0.18500000E+02; 0.25167951E+00
 0.19000000E+02; 0.25012696E+00
 0.19500000E+02; 0.25106016E+00
 0.20000000E+02; 0.25195912E+00
 0.20500000E+02; 0.25102475E+00
 0.21000000E+02; 0.25059521E+00
 0.21500000E+02; 0.25280830E+00
 0.22000000E+02; 0.25459227E+00
 0.22500000E+02; 0.25270793E+00
 0.23000000E+02; 0.25258499E+00
 0.23500000E+02; 0.25221723E+00
 0.24000000E+02; 0.25076836E+00
 0.24500000E+02; 0.24838002E+00
 0.25000000E+02; 0.24620225E+00
 0.25500000E+02; 0.24704820E+00
 0.26000000E+02; 0.24390556E+00
 0.26500000E+02; 0.24419370E+00
 0.27000000E+02; 0.24716696E+00
 0.27500000E+02; 0.24807927E+00
 0.28000000E+02; 0.24946630E+00
 0.28500000E+02; 0.25290534E+00
 0.29000000E+02; 0.25937480E+00
 0.29500000E+02; 0.26316032E+00
 0.30000000E+02; 0.27272975E+00
 0.30500000E+02; 0.28107557E+00
 0.31000000E+02; 0.29415298E+00
 0.31500000E+02; 0.30604675E+00
 0.32000000E+02; 0.31753370E+00
 0.32500000E+02; 0.32910857E+00
 0.33000000E+02; 0.34072447E+00
 0.33500000E+02; 0.35517722E+00
 0.34000000E+02; 0.36807719E+00
 0.34500000E+02; 0.38299337E+00
 0.35000000E+02; 0.40053675E+00
 0.35500000E+02; 0.41444907E+00
 0.36000000E+02; 0.42755777E+00
 0.36500000E+02; 0.43958399E+00
 0.37000000E+02; 0.45358378E+00
 0.37500000E+02; 0.46684983E+00
 0.38000000E+02; 0.47888219E+00
 0.38500000E+02; 0.49015814E+00
 0.39000000E+02; 0.50547069E+00
 0.39500000E+02; 0.51670724E+00
 0.40000000E+02; 0.52846080E+00
 0.40500000E+02; 0.53889161E+00
 0.41000000E+02; 0.55281293E+00
 0.41500000E+02; 0.55793631E+00
 0.42000000E+02; 0.56954819E+00
 0.42500000E+02; 0.58057457E+00
 0.43000000E+02; 0.58428925E+00
 0.43500000E+02; 0.59227848E+00
 0.44000000E+02; 0.59064579E+00
 0.44500000E+02; 0.59058326E+00
 0.45000000E+02; 0.58958095E+00
 0.45500000E+02; 0.58027041E+00
 0.46000000E+02; 0.56969023E+00
 0.46500000E+02; 0.55292976E+00
 0.47000000E+02; 0.53407842E+00
 0.47500000E+02; 0.50952321E+00
 0.48000000E+02; 0.47724733E+00
 0.48500000E+02; 0.44921869E+00
 0.49000000E+02; 0.41997737E+00
 0.49500000E+02; 0.38674748E+00
 0.50000000E+02; 0.35794124E+00
 0.50500000E+02; 0.33261207E+00
 0.51000000E+02; 0.31098282E+00
 0.51500000E+02; 0.29771370E+00
 0.52000000E+02; 0.29240206E+00
 0.52500000E+02; 0.29455996E+00
 0.53000000E+02; 0.30563414E+00
 0.53500000E+02; 0.32766446E+00
 0.54000000E+02; 0.36042994E+00
 0.54500000E+02; 0.40297619E+00
 0.55000000E+02; 0.45157126E+00
 0.55500000E+02; 0.51434845E+00
 0.56000000E+02; 0.58217317E+00
 0.56500000E+02; 0.66128254E+00
 0.57000000E+02; 0.74875474E+00
 0.57500000E+02; 0.83878785E+00
 0.58000000E+02; 0.94144440E+00
 0.58500000E+02; 0.10501064E+01
 0.59000000E+02; 0.11692400E+01
 0.59500000E+02; 0.12882051E+01
 0.60000000E+02; 0.14164852E+01
 0.60500000E+02; 0.15576072E+01
 0.61000000E+02; 0.17083669E+01
 0.61500000E+02; 0.18641095E+01
 0.62000000E+02; 0.20324678E+01
 0.62500000E+02; 0.22098727E+01
 0.63000000E+02; 0.23988643E+01
 0.63500000E+02; 0.25999796E+01
 0.64000000E+02; 0.28090930E+01
 0.64500000E+02; 0.30289972E+01
 0.65000000E+02; 0.32606328E+01
 0.65500000E+02; 0.35060525E+01
 0.66000000E+02; 0.37570345E+01
 0.66500000E+02; 0.40112510E+01
 0.67000000E+02; 0.42738342E+01
 0.67500000E+02; 0.45362821E+01
 0.68000000E+02; 0.47934208E+01
 0.68500000E+02; 0.50531621E+01
 0.69000000E+02; 0.52981663E+01
 0.69500000E+02; 0.55620403E+01
 0.70000000E+02; 0.57935257E+01
 0.70500000E+02; 0.60349946E+01
 0.71000000E+02; 0.62552562E+01
 0.71500000E+02; 0.64576249E+01
 0.72000000E+02; 0.66659594E+01
 0.72500000E+02; 0.68622603E+01
 0.73000000E+02; 0.70324974E+01
 0.73500000E+02; 0.71967726E+01
 0.74000000E+02; 0.73532233E+01
 0.74500000E+02; 0.75050063E+01
 0.75000000E+02; 0.76398640E+01
 0.75500000E+02; 0.77713852E+01
 0.76000000E+02; 0.78942676E+01
 0.76500000E+02; 0.80171204E+01
 0.77000000E+02; 0.81262770E+01
 0.77500000E+02; 0.82393627E+01
 0.78000000E+02; 0.83432274E+01
 0.78500000E+02; 0.84604807E+01
 0.79000000E+02; 0.85820847E+01
 0.79500000E+02; 0.86910124E+01
 0.80000000E+02; 0.88029728E+01
 0.80500000E+02; 0.89185324E+01
 0.81000000E+02; 0.90572720E+01
 0.81500000E+02; 0.91873722E+01
 0.82000000E+02; 0.93279543E+01
 0.82500000E+02; 0.94801216E+01
 0.83000000E+02; 0.96485615E+01
 0.83500000E+02; 0.98158932E+01
 0.84000000E+02; 0.10003717E+02
 0.84500000E+02; 0.10183160E+02
 0.85000000E+02; 0.10398797E+02
 0.85500000E+02; 0.10616979E+02
 0.86000000E+02; 0.10842896E+02
 0.86500000E+02; 0.11090615E+02
 0.87000000E+02; 0.11329904E+02
 0.87500000E+02; 0.11593558E+02
 0.88000000E+02; 0.11845811E+02
 0.88500000E+02; 0.12112350E+02
 0.89000000E+02; 0.12377592E+02
 0.89500000E+02; 0.12623051E+02
 0.90000000E+02; 0.12856851E+02
 0.90500000E+02; 0.13075377E+02
 0.91000000E+02; 0.13304405E+02
 0.91500000E+02; 0.13481089E+02
 0.92000000E+02; 0.13655733E+02
 0.92500000E+02; 0.13795127E+02
 0.93000000E+02; 0.13905440E+02
 0.93500000E+02; 0.13995207E+02
 0.94000000E+02; 0.14048890E+02
 0.94500000E+02; 0.14094120E+02
 0.95000000E+02; 0.14098740E+02
 0.95500000E+02; 0.14077860E+02
 0.96000000E+02; 0.14040513E+02
 0.96500000E+02; 0.13973783E+02
 0.97000000E+02; 0.13894795E+02
 0.97500000E+02; 0.13816056E+02
 0.98000000E+02; 0.13712848E+02
 0.98500000E+02; 0.13607500E+02
 0.99000000E+02; 0.13490152E+02
 0.99500000E+02; 0.13366757E+02
 0.10000000E+03; 0.13262645E+02
 0.10050000E+03; 0.13132036E+02
 0.10100000E+03; 0.13014261E+02
 0.10150000E+03; 0.12891981E+02
 0.10200000E+03; 0.12783729E+02
 0.10250000E+03; 0.12684299E+02
 0.10300000E+03; 0.12591746E+02
 0.10350000E+03; 0.12476361E+02
 0.10400000E+03; 0.12388034E+02
 0.10450000E+03; 0.12297924E+02
 0.10500000E+03; 0.12219407E+02
 0.10550000E+03; 0.12150771E+02
 0.10600000E+03; 0.12085029E+02
 0.10650000E+03; 0.12021436E+02
 0.10700000E+03; 0.11958724E+02
 0.10750000E+03; 0.11907626E+02
 0.10800000E+03; 0.11886004E+02
 0.10850000E+03; 0.11830865E+02
 0.10900000E+03; 0.11798645E+02
 0.10950000E+03; 0.11769810E+02
 0.11000000E+03; 0.11738911E+02
 0.11050000E+03; 0.11715144E+02
 0.11100000E+03; 0.11707702E+02
 0.11150000E+03; 0.11689519E+02
 0.11200000E+03; 0.11708655E+02
 0.11250000E+03; 0.11697760E+02
 0.11300000E+03; 0.11690331E+02
 0.11350000E+03; 0.11691788E+02
 0.11400000E+03; 0.11708783E+02
 0.11450000E+03; 0.11722343E+02
 0.11500000E+03; 0.11741137E+02
 0.11550000E+03; 0.11754691E+02
 0.11600000E+03; 0.11773080E+02
 0.11650000E+03; 0.11810230E+02
 0.11700000E+03; 0.11832500E+02
 0.11750000E+03; 0.11860793E+02
 0.11800000E+03; 0.11912332E+02
 0.11850000E+03; 0.11947643E+02
 0.11900000E+03; 0.11991362E+02
 0.11950000E+03; 0.12027935E+02
 0.12000000E+03; 0.12095666E+02
 0.12050000E+03; 0.12138882E+02
 0.12100000E+03; 0.12212865E+02
 0.12150000E+03; 0.12278799E+02
 0.12200000E+03; 0.12355145E+02
 0.12250000E+03; 0.12449601E+02
 0.12300000E+03; 0.12561695E+02
 0.12350000E+03; 0.12700886E+02
 0.12400000E+03; 0.12841710E+02
 0.12450000E+03; 0.13034083E+02
 0.12500000E+03; 0.13242456E+02
 0.12550000E+03; 0.13503582E+02
 0.12600000E+03; 0.13800161E+02
 0.12650000E+03; 0.14164930E+02
 0.12700000E+03; 0.14584822E+02
 0.12750000E+03; 0.15068399E+02
 0.12800000E+03; 0.15645155E+02
 0.12850000E+03; 0.16306452E+02
 0.12900000E+03; 0.17063063E+02
 0.12950000E+03; 0.17905182E+02
 0.13000000E+03; 0.18871950E+02
 0.13050000E+03; 0.19984800E+02
 0.13100000E+03; 0.21141869E+02
 0.13150000E+03; 0.22434977E+02
 0.13200000E+03; 0.23804443E+02
 0.13250000E+03; 0.25262062E+02
 0.13300000E+03; 0.26824738E+02
 0.13350000E+03; 0.28424438E+02
 0.13400000E+03; 0.30095173E+02
 0.13450000E+03; 0.31723492E+02
 0.13500000E+03; 0.33194622E+02
 0.13550000E+03; 0.34579002E+02
 0.13600000E+03; 0.35894310E+02
 0.13650000E+03; 0.37049641E+02
 0.13700000E+03; 0.38060287E+02
 0.13750000E+03; 0.38892899E+02
 0.13800000E+03; 0.39552475E+02
 0.13850000E+03; 0.39960884E+02
 0.13900000E+03; 0.40140984E+02
 0.13950000E+03; 0.40078888E+02
 0.14000000E+03; 0.39773029E+02
 0.14050000E+03; 0.39219875E+02
 0.14100000E+03; 0.38448662E+02
 0.14150000E+03; 0.37390659E+02
 0.14200000E+03; 0.36191498E+02
 0.14250000E+03; 0.34724396E+02
 0.14300000E+03; 0.33143425E+02
 0.14350000E+03; 0.31347162E+02
 0.14400000E+03; 0.29276009E+02
 0.14450000E+03; 0.27080021E+02
 0.14500000E+03; 0.24889990E+02
 0.14550000E+03; 0.22728510E+02
 0.14600000E+03; 0.20572618E+02
 0.14650000E+03; 0.18464005E+02
 0.14700000E+03; 0.16473148E+02
 0.14750000E+03; 0.14514246E+02
 0.14800000E+03; 0.12666434E+02
 0.14850000E+03; 0.10955224E+02
 0.14900000E+03; 0.94216394E+01
 0.14950000E+03; 0.80206785E+01
 0.15000000E+03; 0.67485952E+01
 0.15050000E+03; 0.56427217E+01
 0.15100000E+03; 0.46666994E+01
 0.15150000E+03; 0.38327100E+01
 0.15200000E+03; 0.31217942E+01
 0.15250000E+03; 0.25240302E+01
 0.15300000E+03; 0.20176969E+01
 0.15350000E+03; 0.15997891E+01
 0.15400000E+03; 0.12554898E+01
 0.15450000E+03; 0.98034978E+00
 0.15500000E+03; 0.75842100E+00
 0.15550000E+03; 0.57888919E+00
 0.15600000E+03; 0.44016662E+00
 0.15650000E+03; 0.33089313E+00
 0.15700000E+03; 0.24584396E+00
 0.15750000E+03; 0.18285945E+00
 0.15800000E+03; 0.13379769E+00
 0.15850000E+03; 0.98178513E-01
 0.15900000E+03; 0.70114173E-01
 0.15950000E+03; 0.50717615E-01
 0.16000000E+03; 0.36042582E-01
 0.16050000E+03; 0.24830824E-01
 0.16100000E+03; 0.17344529E-01
 0.16150000E+03; 0.12106527E-01
 0.16200000E+03; 0.83462177E-02
 0.16250000E+03; 0.55752336E-02
 0.16300000E+03; 0.37283590E-02
 0.16350000E+03; 0.27623954E-02
 0.16400000E+03; 0.15708192E-02
 0.16450000E+03; 0.11187767E-02
 0.16500000E+03; 0.64822822E-03
 0.16550000E+03; 0.41623795E-03
 0.16600000E+03; 0.28813980E-03
 0.16650000E+03; 0.13534317E-03
 0.16700000E+03; 0.11063703E-03
 0.16750000E+03; 0.45354209E-04
 0.16800000E+03; 0.38522299E-04
 0.16850000E+03; 0.39223967E-04
 0.16900000E+03; 0.16555567E-04
 0.16950000E+03; 0.94306115E-05
 0.17000000E+03; 0.70872479E-05
 0.17050000E+03; 0.98874239E-06
 0.17100000E+03; 0.91800857E-05
 0.17150000E+03; 0.11371972E-05
 0.17200000E+03; 0.86443288E-06
 0.17250000E+03; 0.43323291E-06
 0.17300000E+03; 0.00000000E+00
 0.17350000E+03; 0.00000000E+00
 0.17400000E+03; 0.00000000E+00
 0.17450000E+03; 0.00000000E+00
 0.17500000E+03; 0.00000000E+00
 0.17550000E+03; 0.00000000E+00
 0.17600000E+03; 0.00000000E+00
 0.17650000E+03; 0.00000000E+00
 0.17700000E+03; 0.00000000E+00
 0.17750000E+03; 0.00000000E+00
 0.17800000E+03; 0.00000000E+00
 0.17850000E+03; 0.00000000E+00
 0.17900000E+03; 0.00000000E+00
 0.17950000E+03; 0.00000000E+00
 0.18000000E+03; 0.00000000E+00
 0.18050000E+03; 0.00000000E+00
 0.18100000E+03; 0.00000000E+00
 0.18150000E+03; 0.00000000E+00
 0.18200000E+03; 0.00000000E+00
 0.18250000E+03; 0.00000000E+00
 0.18300000E+03; 0.00000000E+00
 0.18350000E+03; 0.00000000E+00
 0.18400000E+03; 0.00000000E+00
 0.18450000E+03; 0.00000000E+00
 0.18500000E+03; 0.00000000E+00
 0.18550000E+03; 0.00000000E+00
 0.18600000E+03; 0.00000000E+00
 0.18650000E+03; 0.00000000E+00
 0.18700000E+03; 0.00000000E+00
 0.18750000E+03; 0.00000000E+00
 0.18800000E+03; 0.00000000E+00
 0.18850000E+03; 0.00000000E+00
 0.18900000E+03; 0.00000000E+00
 0.18950000E+03; 0.00000000E+00
 0.19000000E+03; 0.00000000E+00
 0.19050000E+03; 0.00000000E+00
 0.19100000E+03; 0.00000000E+00
 0.19150000E+03; 0.00000000E+00
 0.19200000E+03; 0.00000000E+00
 0.19250000E+03; 0.00000000E+00
 0.19300000E+03; 0.00000000E+00
 0.19350000E+03; 0.00000000E+00
 0.19400000E+03; 0.00000000E+00
 0.19450000E+03; 0.00000000E+00
 0.19500000E+03; 0.00000000E+00
 0.19550000E+03; 0.00000000E+00
 0.19600000E+03; 0.00000000E+00
 0.19650000E+03; 0.00000000E+00
 0.19700000E+03; 0.00000000E+00
 0.19750000E+03; 0.00000000E+00
 0.19800000E+03; 0.00000000E+00
 0.19850000E+03; 0.00000000E+00
 0.19900000E+03; 0.00000000E+00
 0.19950000E+03; 0.00000000E+00
 0.20000000E+03; 0.00000000E+00
 0.20050000E+03; 0.00000000E+00
 0.20100000E+03; 0.00000000E+00
 0.20150000E+03; 0.00000000E+00
 0.20200000E+03; 0.00000000E+00
 0.20250000E+03; 0.00000000E+00
 0.20300000E+03; 0.00000000E+00
 0.20350000E+03; 0.00000000E+00
 0.20400000E+03; 0.00000000E+00
 0.20450000E+03; 0.00000000E+00
 0.20500000E+03; 0.00000000E+00
 0.20550000E+03; 0.00000000E+00
 0.20600000E+03; 0.00000000E+00
 0.20650000E+03; 0.00000000E+00
 0.20700000E+03; 0.00000000E+00
 0.20750000E+03; 0.00000000E+00
 0.20800000E+03; 0.00000000E+00
 0.20850000E+03; 0.00000000E+00
 0.20900000E+03; 0.00000000E+00
 0.20950000E+03; 0.00000000E+00
 0.21000000E+03; 0.00000000E+00
 0.21050000E+03; 0.00000000E+00
 0.21100000E+03; 0.00000000E+00
 0.21150000E+03; 0.00000000E+00
 0.21200000E+03; 0.00000000E+00
 0.21250000E+03; 0.00000000E+00
 0.21300000E+03; 0.00000000E+00
 0.21350000E+03; 0.00000000E+00
 0.21400000E+03; 0.00000000E+00
 0.21450000E+03; 0.00000000E+00
 0.21500000E+03; 0.00000000E+00
 0.21550000E+03; 0.00000000E+00
 0.21600000E+03; 0.00000000E+00
 0.21650000E+03; 0.00000000E+00
 0.21700000E+03; 0.00000000E+00
 0.21750000E+03; 0.00000000E+00
 0.21800000E+03; 0.00000000E+00
 0.21850000E+03; 0.00000000E+00
 0.21900000E+03; 0.00000000E+00
 0.21950000E+03; 0.00000000E+00
 0.22000000E+03; 0.00000000E+00
 0.22050000E+03; 0.00000000E+00
 0.22100000E+03; 0.00000000E+00
 0.22150000E+03; 0.00000000E+00
 0.22200000E+03; 0.00000000E+00
 0.22250000E+03; 0.00000000E+00
 0.22300000E+03; 0.00000000E+00
 0.22350000E+03; 0.00000000E+00
 0.22400000E+03; 0.00000000E+00
 0.22450000E+03; 0.00000000E+00
 0.22500000E+03; 0.00000000E+00
 0.22550000E+03; 0.00000000E+00
 0.22600000E+03; 0.00000000E+00
 0.22650000E+03; 0.00000000E+00
 0.22700000E+03; 0.00000000E+00
 0.22750000E+03; 0.00000000E+00
 0.22800000E+03; 0.00000000E+00
 0.22850000E+03; 0.00000000E+00
 0.22900000E+03; 0.00000000E+00
 0.22950000E+03; 0.00000000E+00
 0.23000000E+03; 0.00000000E+00
 0.23050000E+03; 0.00000000E+00
 0.23100000E+03; 0.00000000E+00
 0.23150000E+03; 0.00000000E+00
 0.23200000E+03; 0.00000000E+00
 0.23250000E+03; 0.00000000E+00
 0.23300000E+03; 0.00000000E+00
 0.23350000E+03; 0.00000000E+00
 0.23400000E+03; 0.00000000E+00
 0.23450000E+03; 0.00000000E+00
 0.23500000E+03; 0.00000000E+00
 0.23550000E+03; 0.00000000E+00
 0.23600000E+03; 0.00000000E+00
 0.23650000E+03; 0.00000000E+00
 0.23700000E+03; 0.00000000E+00
 0.23750000E+03; 0.00000000E+00
 0.23800000E+03; 0.00000000E+00
 0.23850000E+03; 0.00000000E+00
 0.23900000E+03; 0.00000000E+00
 0.23950000E+03; 0.00000000E+00
 0.24000000E+03; 0.00000000E+00
 0.24050000E+03; 0.00000000E+00
 0.24100000E+03; 0.00000000E+00
 0.24150000E+03; 0.00000000E+00
 0.24200000E+03; 0.00000000E+00
 0.24250000E+03; 0.00000000E+00
 0.24300000E+03; 0.00000000E+00
 0.24350000E+03; 0.00000000E+00
 0.24400000E+03; 0.00000000E+00
 0.24450000E+03; 0.00000000E+00
 0.24500000E+03; 0.00000000E+00
 0.24550000E+03; 0.00000000E+00
 0.24600000E+03; 0.00000000E+00
 0.24650000E+03; 0.00000000E+00
 0.24700000E+03; 0.00000000E+00
 0.24750000E+03; 0.00000000E+00
 0.24800000E+03; 0.00000000E+00
 0.24850000E+03; 0.00000000E+00
 0.24900000E+03; 0.00000000E+00
 0.24950000E+03; 0.00000000E+00
 0.25000000E+03; 0.00000000E+00
 0.25050000E+03; 0.00000000E+00
 0.25100000E+03; 0.00000000E+00
 0.25150000E+03; 0.00000000E+00
 0.25200000E+03; 0.00000000E+00
 0.25250000E+03; 0.00000000E+00
 0.25300000E+03; 0.00000000E+00
 0.25350000E+03; 0.00000000E+00
 0.25400000E+03; 0.00000000E+00
 0.25450000E+03; 0.00000000E+00
 0.25500000E+03; 0.00000000E+00
 0.25550000E+03; 0.00000000E+00
 0.25600000E+03; 0.00000000E+00
